precinct_id	name	list_order	type_1	type_2	type_3	type_4	type_5	type_6	cmax_category_order	ed_turnout	ev_turnout	MAIL_turnout	type4_turnout	type5_turnout	type6_turnout	turnout
1	Pct 1101	1	1	2	3	4	5	6	2	72	105	0	0	0	0	177
2	Pct 1102	2	1	2	3	4	5	6	2	214	182	0	0	0	0	396
3	Pct 1103	3	1	2	3	4	5	6	2	156	221	0	0	0	0	377
4	Pct 1104/1105	4	1	2	3	4	5	6	2	158	182	0	0	0	0	340
5	Pct 1106	5	1	2	3	4	5	6	2	122	142	0	0	0	0	264
6	Pct 1107	6	1	2	3	4	5	6	2	102	163	0	0	0	0	265
7	Pct 1108	7	1	2	3	4	5	6	2	146	201	0	0	0	0	347
8	Pct 1109	8	1	2	3	4	5	6	2	104	149	0	0	0	0	253
9	Pct 1111	9	1	2	3	4	5	6	2	124	212	0	0	0	0	336
10	Pct 1112	10	1	2	3	4	5	6	2	92	136	0	0	0	0	228
11	Pct 1113	11	1	2	3	4	5	6	2	79	174	0	0	0	0	253
12	Pct 1114	12	1	2	3	4	5	6	2	138	185	0	0	0	0	323
13	Pct 1115	13	1	2	3	4	5	6	2	118	174	0	0	0	0	292
14	Pct 1116	14	1	2	3	4	5	6	2	120	157	0	0	0	0	277
15	Pct 1117	15	1	2	3	4	5	6	2	138	147	0	0	0	0	285
16	Pct 1118	16	1	2	3	4	5	6	2	145	190	0	0	0	0	335
17	Pct 1119	17	1	2	3	4	5	6	2	96	146	0	0	0	0	242
18	Pct 1121	18	1	2	3	4	5	6	2	97	154	0	0	0	0	251
19	Pct 1122	19	1	2	3	4	5	6	2	83	111	0	0	0	0	194
20	Pct 1123	20	1	2	3	4	5	6	2	106	143	0	0	0	0	249
21	Pct 1124	21	1	2	3	4	5	6	2	104	121	0	0	0	0	225
22	Pct 1125	22	1	2	3	4	5	6	2	89	193	0	0	0	0	282
23	Pct 1126	23	1	2	3	4	5	6	2	125	180	0	0	0	0	305
24	Pct 1127	24	1	2	3	4	5	6	2	135	166	0	0	0	0	301
25	Pct 1128	25	1	2	3	4	5	6	2	105	174	0	0	0	0	279
26	Pct 1129	26	1	2	3	4	5	6	2	112	183	0	0	0	0	295
27	Pct 1131	27	1	2	3	4	5	6	2	79	184	0	0	0	0	263
28	Pct 1132	28	1	2	3	4	5	6	2	114	209	0	0	0	0	323
29	Pct 1133	29	1	2	3	4	5	6	2	95	181	0	0	0	0	276
30	Pct 1134	30	1	2	3	4	5	6	2	120	139	0	0	0	0	259
31	Pct 1135	31	1	2	3	4	5	6	2	78	114	0	0	0	0	192
32	Pct 1136	32	1	2	3	4	5	6	2	79	210	0	0	0	0	289
33	Pct 1141	33	1	2	3	4	5	6	2	129	216	0	0	0	0	345
34	Pct 1142	34	1	2	3	4	5	6	2	119	140	0	0	0	0	259
35	Pct 1143	35	1	2	3	4	5	6	2	175	197	0	0	0	0	372
36	Pct 1144	36	1	2	3	4	5	6	2	157	168	0	0	0	0	325
37	Pct 1145	37	1	2	3	4	5	6	2	138	212	0	0	0	0	350
38	Pct 1146	38	1	2	3	4	5	6	2	143	210	0	0	0	0	353
39	Pct 1147	39	1	2	3	4	5	6	2	152	168	0	0	0	0	320
40	Pct 1148	40	1	2	3	4	5	6	2	135	186	0	0	0	0	321
41	Pct 1149	41	1	2	3	4	5	6	2	166	145	0	0	0	0	311
42	Pct 1151 MB	42	1	2	3	4	5	6	2	0	0	0	0	0	0	0
43	Pct 1152	43	1	2	3	4	5	6	2	120	185	0	0	0	0	305
44	Pct 1153	44	1	2	3	4	5	6	2	134	181	0	0	0	0	315
45	Pct 1154 MB	45	1	2	3	4	5	6	2	0	0	0	0	0	0	0
46	Pct 7001	46	1	2	3	4	5	6	2	124	123	0	0	0	0	247
47	Pct 7002	47	1	2	3	4	5	6	2	140	179	0	0	0	0	319
48	Pct 7003	48	1	2	3	4	5	6	2	188	198	0	0	0	0	386
49	Pct 7004	49	1	2	3	4	5	6	2	164	175	0	0	0	0	339
50	Pct 7005	50	1	2	3	4	5	6	2	211	154	0	0	0	0	365
51	Pct 7006	51	1	2	3	4	5	6	2	199	144	0	0	0	0	343
52	Pct 7007	52	1	2	3	4	5	6	2	239	206	0	0	0	0	445
53	Pct 7008	53	1	2	3	4	5	6	2	192	211	0	0	0	0	403
54	Pct 7009	54	1	2	3	4	5	6	2	153	185	0	0	0	0	338
55	Pct 7011	55	1	2	3	4	5	6	2	113	128	0	0	0	0	241
56	Pct 7012	56	1	2	3	4	5	6	2	211	193	0	0	0	0	404
57	Pct 7013	57	1	2	3	4	5	6	2	112	145	0	0	0	0	257
58	Pct 7014	58	1	2	3	4	5	6	2	208	184	0	0	0	0	392
59	Pct 7015 MB	59	1	2	3	4	5	6	2	0	28	0	0	0	0	28
60	Pct 7016	60	1	2	3	4	5	6	2	95	134	0	0	0	0	229
61	Pct 7017	61	1	2	3	4	5	6	2	48	86	0	0	0	0	134
62	Pct 7018	62	1	2	3	4	5	6	2	88	186	0	0	0	0	274
63	Pct 7019	63	1	2	3	4	5	6	2	125	198	0	0	0	0	323
64	Pct 7021	64	1	2	3	4	5	6	2	113	124	0	0	0	0	237
65	Pct 7022	65	1	2	3	4	5	6	2	125	160	0	0	0	0	285
66	Pct 7023	66	1	2	3	4	5	6	2	110	151	0	0	0	0	261
67	Pct 7024	67	1	2	3	4	5	6	2	15	12	0	0	0	0	27
68	Pct 7025	68	1	2	3	4	5	6	2	49	52	0	0	0	0	101
69	Pct 7026	69	1	2	3	4	5	6	2	87	199	0	0	0	0	286
70	Pct 7027	70	1	2	3	4	5	6	2	129	157	0	0	0	0	286
71	Pct 7028	71	1	2	3	4	5	6	2	119	104	0	0	0	0	223
72	Pct 7029	72	1	2	3	4	5	6	2	67	90	0	0	0	0	157
73	Pct 7030	73	1	2	3	4	5	6	2	62	145	0	0	0	0	207
74	Pct 7031	74	1	2	3	4	5	6	2	26	129	0	0	0	0	155
75	Pct 7032	75	1	2	3	4	5	6	2	98	149	0	0	0	0	247
76	Pct 7033	76	1	2	3	4	5	6	2	118	102	0	0	0	0	220
77	Pct 7034	77	1	2	3	4	5	6	2	63	75	0	0	0	0	138
78	Pct 7035	78	1	2	3	4	5	6	2	46	65	0	0	0	0	111
79	Pct 7036	79	1	2	3	4	5	6	2	72	162	0	0	0	0	234
80	Pct 7037	80	1	2	3	4	5	6	2	65	36	0	0	0	0	101
81	Pct 7038	81	1	2	3	4	5	6	2	68	165	0	0	0	0	233
82	Pct 7039	82	1	2	3	4	5	6	2	146	133	0	0	0	0	279
83	Pct 7041 MB	83	1	2	3	4	5	6	2	0	11	0	0	0	0	11
84	Pct 7042	84	1	2	3	4	5	6	2	69	116	0	0	0	0	185
85	Pct 7043	85	1	2	3	4	5	6	2	81	175	0	0	0	0	256
86	Pct 7044	86	1	2	3	4	5	6	2	59	56	0	0	0	0	115
87	Pct 7045	87	1	2	3	4	5	6	2	84	155	0	0	0	0	239
88	Pct 7046	88	1	2	3	4	5	6	2	54	94	0	0	0	0	148
89	Pct 7047	89	1	2	3	4	5	6	2	83	188	0	0	0	0	271
90	Pct 7048	90	1	2	3	4	5	6	2	83	141	0	0	0	0	224
91	Pct 7049	91	1	2	3	4	5	6	2	85	136	0	0	0	0	221
92	Pct 7051	92	1	2	3	4	5	6	2	54	210	0	0	0	0	264
93	Pct 7052	93	1	2	3	4	5	6	2	112	163	0	0	0	0	275
94	Pct 7053	94	1	2	3	4	5	6	2	35	116	0	0	0	0	151
95	Pct 7054	95	1	2	3	4	5	6	2	138	134	0	0	0	0	272
96	Pct 7101 MB	96	1	2	3	4	5	6	2	0	37	0	0	0	0	37
97	Pct 7201	97	1	2	3	4	5	6	2	150	196	0	0	0	0	346
98	Pct 7202	98	1	2	3	4	5	6	2	156	187	0	0	0	0	343
99	Pct 7203	99	1	2	3	4	5	6	2	208	142	0	0	0	0	350
100	Pct 7204	100	1	2	3	4	5	6	2	140	213	0	0	0	0	353
101	Pct 7205	101	1	2	3	4	5	6	2	135	207	0	0	0	0	342
102	Pct 7206	102	1	2	3	4	5	6	2	76	60	0	0	0	0	136
103	Pct 7207	103	1	2	3	4	5	6	2	88	134	0	0	0	0	222
104	Pct 7208	104	1	2	3	4	5	6	2	100	140	0	0	0	0	240
105	Pct 7209	105	1	2	3	4	5	6	2	60	216	0	0	0	0	276
106	Pct 7301	106	1	2	3	4	5	6	2	116	201	0	0	0	0	317
107	Pct 7302	107	1	2	3	4	5	6	2	121	267	0	0	0	0	388
108	Pct 7303	108	1	2	3	4	5	6	2	174	165	0	0	0	0	339
109	Pct 7304	109	1	2	3	4	5	6	2	179	208	0	0	0	0	387
110	Pct 7305	110	1	2	3	4	5	6	2	197	200	0	0	0	0	397
111	Pct 7306	111	1	2	3	4	5	6	2	152	179	0	0	0	0	331
112	Pct 7307	112	1	2	3	4	5	6	2	145	138	0	0	0	0	283
113	Pct 7308	113	1	2	3	4	5	6	2	144	149	0	0	0	0	293
114	Pct 7309	114	1	2	3	4	5	6	2	170	115	0	0	0	0	285
115	Pct 7311	115	1	2	3	4	5	6	2	200	170	0	0	0	0	370
116	Pct 7312	116	1	2	3	4	5	6	2	147	236	0	0	0	0	383
117	Pct 7313	117	1	2	3	4	5	6	2	126	211	0	0	0	0	337
118	Pct 7314	118	1	2	3	4	5	6	2	83	159	0	0	0	0	242
119	Pct 7315	119	1	2	3	4	5	6	2	156	132	0	0	0	0	288
120	Pct 7316	120	1	2	3	4	5	6	2	123	200	0	0	0	0	323
121	Pct 7317	121	1	2	3	4	5	6	2	124	250	0	0	0	0	374
122	Pct 7318	122	1	2	3	4	5	6	2	141	167	0	0	0	0	308
123	Pct 7319	123	1	2	3	4	5	6	2	153	168	0	0	0	0	321
124	Pct 7321	124	1	2	3	4	5	6	2	71	143	0	0	0	0	214
125	Pct 7322	125	1	2	3	4	5	6	2	52	205	0	0	0	0	257
126	Pct 7323	126	1	2	3	4	5	6	2	154	144	0	0	0	0	298
127	Pct 7324	127	1	2	3	4	5	6	2	108	120	0	0	0	0	228
128	Pct 7325	128	1	2	3	4	5	6	2	132	153	0	0	0	0	285
129	Pct 7326	129	1	2	3	4	5	6	2	144	150	0	0	0	0	294
130	Pct 7327	130	1	2	3	4	5	6	2	50	203	0	0	0	0	253
131	Pct 7328	131	1	2	3	4	5	6	2	58	274	0	0	0	0	332
132	Pct 7329	132	1	2	3	4	5	6	2	63	160	0	0	0	0	223
133	Pct 7331	133	1	2	3	4	5	6	2	161	235	0	0	0	0	396
134	Pct 7332	134	1	2	3	4	5	6	2	163	162	0	0	0	0	325
135	Pct 7333	135	1	2	3	4	5	6	2	193	137	0	0	0	0	330
136	Pct 7334	136	1	2	3	4	5	6	2	162	165	0	0	0	0	327
137	Pct 7335	137	1	2	3	4	5	6	2	140	232	0	0	0	0	372
138	Pct 7336	138	1	2	3	4	5	6	2	160	218	0	0	0	0	378
139	Pct 7337	139	1	2	3	4	5	6	2	128	224	0	0	0	0	352
140	Pct 7338	140	1	2	3	4	5	6	2	96	265	0	0	0	0	361
141	Pct 7339	141	1	2	3	4	5	6	2	116	125	0	0	0	0	241
142	Pct 7341	142	1	2	3	4	5	6	2	151	133	0	0	0	0	284
143	Pct 7342	143	1	2	3	4	5	6	2	250	144	0	0	0	0	394
144	Pct 7343	144	1	2	3	4	5	6	2	147	109	0	0	0	0	256
145	Pct 7344	145	1	2	3	4	5	6	2	176	213	0	0	0	0	389
146	Pct 7345	146	1	2	3	4	5	6	2	195	205	0	0	0	0	400
147	Pct 7346	147	1	2	3	4	5	6	2	180	138	0	0	0	0	318
148	Pct 7347	148	1	2	3	4	5	6	2	164	187	0	0	0	0	351
149	Pct 7348	149	1	2	3	4	5	6	2	122	153	0	0	0	0	275
150	Pct 7349	150	1	2	3	4	5	6	2	159	204	0	0	0	0	363
151	Pct 7501	151	1	2	3	4	5	6	2	121	88	0	0	0	0	209
152	Pct 7502	152	1	2	3	4	5	6	2	135	146	0	0	0	0	281
153	Pct 7503	153	1	2	3	4	5	6	2	130	130	0	0	0	0	260
154	Pct 7504	154	1	2	3	4	5	6	2	76	105	0	0	0	0	181
155	Pct 7505	155	1	2	3	4	5	6	2	127	305	0	0	0	0	432
156	Pct 7506	156	1	2	3	4	5	6	2	154	157	0	0	0	0	311
157	Pct 7507	157	1	2	3	4	5	6	2	119	150	0	0	0	0	269
158	Pct 7508	158	1	2	3	4	5	6	2	108	214	0	0	0	0	322
159	Pct 7509/7511	159	1	2	3	4	5	6	2	177	200	0	0	0	0	377
160	Pct 7512	160	1	2	3	4	5	6	2	90	155	0	0	0	0	245
161	Pct 7513	161	1	2	3	4	5	6	2	141	106	0	0	0	0	247
162	Pct 7514	162	1	2	3	4	5	6	2	70	136	0	0	0	0	206
163	Pct 7515	163	1	2	3	4	5	6	2	130	154	0	0	0	0	284
164	Pct 7516	164	1	2	3	4	5	6	2	142	239	0	0	0	0	381
165	Pct 7517	165	1	2	3	4	5	6	2	238	174	0	0	0	0	412
166	Pct 7518	166	1	2	3	4	5	6	2	251	157	0	0	0	0	408
167	Pct 7519	167	1	2	3	4	5	6	2	176	95	0	0	0	0	271
168	Pct 7521	168	1	2	3	4	5	6	2	228	119	0	0	0	0	347
169	Pct 7522	169	1	2	3	4	5	6	2	206	135	0	0	0	0	341
170	Pct 7523	170	1	2	3	4	5	6	2	244	118	0	0	0	0	362
171	Pct 7524	171	1	2	3	4	5	6	2	138	86	0	0	0	0	224
172	Pct 7525	172	1	2	3	4	5	6	2	147	113	0	0	0	0	260
173	Pct 7526	173	1	2	3	4	5	6	2	174	184	0	0	0	0	358
174	Pct 7527/7528	174	1	2	3	4	5	6	2	168	118	0	0	0	0	286
175	Pct 7529	175	1	2	3	4	5	6	2	224	155	0	0	0	0	379
176	Pct 7531	176	1	2	3	4	5	6	2	204	129	0	0	0	0	333
177	Pct 7532	177	1	2	3	4	5	6	2	172	134	0	0	0	0	306
178	Pct 7533	178	1	2	3	4	5	6	2	300	134	0	0	0	0	434
179	Pct 7534	179	1	2	3	4	5	6	2	242	152	0	0	0	0	394
180	Pct 7535	180	1	2	3	4	5	6	2	209	143	0	0	0	0	352
181	Pct 7536	181	1	2	3	4	5	6	2	223	141	0	0	0	0	364
182	Pct 7537	182	1	2	3	4	5	6	2	192	130	0	0	0	0	322
183	Pct 7538	183	1	2	3	4	5	6	2	211	155	0	0	0	0	366
184	Pct 7539	184	1	2	3	4	5	6	2	269	125	0	0	0	0	394
185	Pct 7541	185	1	2	3	4	5	6	2	174	144	0	0	0	0	318
186	Pct 7542	186	1	2	3	4	5	6	2	216	142	0	0	0	0	358
187	Pct 7543	187	1	2	3	4	5	6	2	175	188	0	0	0	0	363
188	Pct 7544	188	1	2	3	4	5	6	2	169	170	0	0	0	0	339
189	Pct 7545	189	1	2	3	4	5	6	2	185	163	0	0	0	0	348
190	Pct 7546	190	1	2	3	4	5	6	2	245	145	0	0	0	0	390
191	Pct 7547	191	1	2	3	4	5	6	2	204	170	0	0	0	0	374
192	Pct 7548	192	1	2	3	4	5	6	2	222	207	0	0	0	0	429
193	Pct 7549	193	1	2	3	4	5	6	2	171	155	0	0	0	0	326
194	Pct 7551	194	1	2	3	4	5	6	2	197	120	0	0	0	0	317
195	Pct 7552	195	1	2	3	4	5	6	2	183	139	0	0	0	0	322
196	Pct 7553 MB	196	1	2	3	4	5	6	2	0	52	0	0	0	0	52
197	Pct 7554	197	1	2	3	4	5	6	2	204	189	0	0	0	0	393
198	Pct 7555	198	1	2	3	4	5	6	2	237	164	0	0	0	0	401
199	Pct 7556/7557	199	1	2	3	4	5	6	2	230	196	0	0	0	0	426
200	Pct 7601	200	1	2	3	4	5	6	2	119	121	0	0	0	0	240
201	Pct 7602	201	1	2	3	4	5	6	2	144	158	0	0	0	0	302
202	Pct 7603	202	1	2	3	4	5	6	2	149	130	0	0	0	0	279
203	Pct 7604	203	1	2	3	4	5	6	2	172	162	0	0	0	0	334
204	Pct 7605	204	1	2	3	4	5	6	2	104	115	0	0	0	0	219
205	Pct 7606	205	1	2	3	4	5	6	2	104	141	0	0	0	0	245
206	Pct 7607	206	1	2	3	4	5	6	2	132	185	0	0	0	0	317
207	Pct 7608	207	1	2	3	4	5	6	2	33	89	0	0	0	0	122
208	Pct 7609	208	1	2	3	4	5	6	2	57	242	0	0	0	0	299
209	Pct 7611	209	1	2	3	4	5	6	2	68	161	0	0	0	0	229
210	Pct 7612	210	1	2	3	4	5	6	2	75	119	0	0	0	0	194
211	Pct 7613	211	1	2	3	4	5	6	2	106	171	0	0	0	0	277
212	Pct 7614	212	1	2	3	4	5	6	2	133	162	0	0	0	0	295
213	Pct 7615	213	1	2	3	4	5	6	2	84	141	0	0	0	0	225
214	Pct 7616	214	1	2	3	4	5	6	2	96	168	0	0	0	0	264
215	Pct 7617	215	1	2	3	4	5	6	2	68	166	0	0	0	0	234
216	Pct 7618	216	1	2	3	4	5	6	2	157	187	0	0	0	0	344
217	Pct 7619	217	1	2	3	4	5	6	2	204	279	0	0	0	0	483
218	Pct 7621	218	1	2	3	4	5	6	2	155	202	0	0	0	0	357
219	Pct 7622	219	1	2	3	4	5	6	2	83	139	0	0	0	0	222
220	Pct 7623	220	1	2	3	4	5	6	2	94	119	0	0	0	0	213
221	Pct 7624	221	1	2	3	4	5	6	2	82	148	0	0	0	0	230
222	Pct 7625	222	1	2	3	4	5	6	2	54	339	0	0	0	0	393
223	Pct 7626	223	1	2	3	4	5	6	2	145	242	0	0	0	0	387
224	Pct 7627	224	1	2	3	4	5	6	2	164	268	0	0	0	0	432
225	Pct 7628	225	1	2	3	4	5	6	2	132	183	0	0	0	0	315
226	Pct 7629	226	1	2	3	4	5	6	2	116	121	0	0	0	0	237
227	Pct 7631	227	1	2	3	4	5	6	2	168	212	0	0	0	0	380
228	Pct 7632	228	1	2	3	4	5	6	2	127	120	0	0	0	0	247
229	Pct 7633	229	1	2	3	4	5	6	2	108	174	0	0	0	0	282
230	Pct 7634	230	1	2	3	4	5	6	2	130	235	0	0	0	0	365
231	Pct 7635	231	1	2	3	4	5	6	2	99	106	0	0	0	0	205
232	Pct 7636	232	1	2	3	4	5	6	2	160	148	0	0	0	0	308
233	Pct 7637	233	1	2	3	4	5	6	2	124	251	0	0	0	0	375
234	Pct 7638	234	1	2	3	4	5	6	2	122	281	0	0	0	0	403
235	Pct 7639	235	1	2	3	4	5	6	2	128	176	0	0	0	0	304
236	Pct 7641	236	1	2	3	4	5	6	2	128	242	0	0	0	0	370
237	Pct 7642	237	1	2	3	4	5	6	2	100	125	0	0	0	0	225
238	Pct 7643	238	1	2	3	4	5	6	2	103	242	0	0	0	0	345
239	Pct 7644	239	1	2	3	4	5	6	2	162	160	0	0	0	0	322
240	Pct 7645	240	1	2	3	4	5	6	2	69	193	0	0	0	0	262
241	Pct 7646	241	1	2	3	4	5	6	2	209	354	0	0	0	0	563
242	Pct 7647	242	1	2	3	4	5	6	2	114	106	0	0	0	0	220
243	Pct 7648 MB	243	1	2	3	4	5	6	2	0	2	0	0	0	0	2
244	Pct 7701	244	1	2	3	4	5	6	2	265	188	0	0	0	0	453
245	Pct 7702	245	1	2	3	4	5	6	2	135	200	0	0	0	0	335
246	Pct 7703 MB	246	1	2	3	4	5	6	2	0	41	0	0	0	0	41
247	Pct 7704	247	1	2	3	4	5	6	2	229	245	0	0	0	0	474
248	Pct 7705	248	1	2	3	4	5	6	2	115	148	0	0	0	0	263
249	Pct 7706	249	1	2	3	4	5	6	2	208	221	0	0	0	0	429
250	Pct 7707	250	1	2	3	4	5	6	2	195	221	0	0	0	0	416
251	Pct 7708	251	1	2	3	4	5	6	2	164	224	0	0	0	0	388
252	Pct 7709	252	1	2	3	4	5	6	2	88	99	0	0	0	0	187
253	Pct 7711	253	1	2	3	4	5	6	2	166	195	0	0	0	0	361
254	Pct 7712	254	1	2	3	4	5	6	2	122	103	0	0	0	0	225
255	Pct 7801	255	1	2	3	4	5	6	2	244	243	0	0	0	0	487
256	Pct 7802	256	1	2	3	4	5	6	2	198	176	0	0	0	0	374
257	Pct 7803	257	1	2	3	4	5	6	2	151	285	0	0	0	0	436
258	Pct 7804	258	1	2	3	4	5	6	2	224	255	0	0	0	0	479
259	Pct 7805	259	1	2	3	4	5	6	2	183	219	0	0	0	0	402
260	Pct 7806	260	1	2	3	4	5	6	2	169	132	0	0	0	0	301
261	Pct 7807	261	1	2	3	4	5	6	2	217	138	0	0	0	0	355
262	Pct 7808	262	1	2	3	4	5	6	2	175	132	0	0	0	0	307
263	Pct 7809	263	1	2	3	4	5	6	2	209	213	0	0	0	0	422
264	Pct 7811	264	1	2	3	4	5	6	2	205	130	0	0	0	0	335
265	Pct 7812	265	1	2	3	4	5	6	2	189	188	0	0	0	0	377
266	Pct 7813	266	1	2	3	4	5	6	2	259	205	0	0	0	0	464
267	Pct 7814	267	1	2	3	4	5	6	2	155	115	0	0	0	0	270
268	Pct 7815	268	1	2	3	4	5	6	2	191	248	0	0	0	0	439
269	Pct 7816	269	1	2	3	4	5	6	2	212	267	0	0	0	0	479
270	Pct 7817	270	1	2	3	4	5	6	2	231	178	0	0	0	0	409
271	Pct 7818	271	1	2	3	4	5	6	2	202	182	0	0	0	0	384
272	Pct 7819	272	1	2	3	4	5	6	2	181	160	0	0	0	0	341
273	Pct 7821	273	1	2	3	4	5	6	2	239	269	0	0	0	0	508
274	Pct 7822	274	1	2	3	4	5	6	2	239	183	0	0	0	0	422
275	Pct 7823	275	1	2	3	4	5	6	2	220	205	0	0	0	0	425
276	Pct 7824	276	1	2	3	4	5	6	2	196	162	0	0	0	0	358
277	Pct 7825	277	1	2	3	4	5	6	2	155	120	0	0	0	0	275
278	Pct 7826	278	1	2	3	4	5	6	2	175	126	0	0	0	0	301
279	Pct 7827	279	1	2	3	4	5	6	2	219	154	0	0	0	0	373
280	Pct 7828	280	1	2	3	4	5	6	2	202	252	0	0	0	0	454
281	Pct 7829	281	1	2	3	4	5	6	2	199	270	0	0	0	0	469
282	Pct 7831	282	1	2	3	4	5	6	2	224	252	0	0	0	0	476
283	Pct 7832	283	1	2	3	4	5	6	2	183	235	0	0	0	0	418
284	Pct 7833	284	1	2	3	4	5	6	2	183	151	0	0	0	0	334
285	Pct 7834	285	1	2	3	4	5	6	2	242	146	0	0	0	0	388
286	Pct 7835	286	1	2	3	4	5	6	2	203	199	0	0	0	0	402
287	Pct 7836	287	1	2	3	4	5	6	2	207	250	0	0	0	0	457
288	Pct 7837	288	1	2	3	4	5	6	2	231	226	0	0	0	0	457
289	Pct 7838	289	1	2	3	4	5	6	2	205	279	0	0	0	0	484
290	Pct 7839	290	1	2	3	4	5	6	2	183	257	0	0	0	0	440
291	Pct 7841	291	1	2	3	4	5	6	2	246	208	0	0	0	0	454
292	Pct 7842	292	1	2	3	4	5	6	2	238	159	0	0	0	0	397
293	Pct 7843	293	1	2	3	4	5	6	2	201	120	0	0	0	0	321
294	Pct 7844	294	1	2	3	4	5	6	2	169	117	0	0	0	0	286
295	Pct 7845	295	1	2	3	4	5	6	2	201	207	0	0	0	0	408
296	Pct 7846	296	1	2	3	4	5	6	2	219	186	0	0	0	0	405
297	Pct 7847	297	1	2	3	4	5	6	2	241	225	0	0	0	0	466
298	Pct 7848	298	1	2	3	4	5	6	2	214	205	0	0	0	0	419
299	Pct 7849	299	1	2	3	4	5	6	2	286	185	0	0	0	0	471
300	Pct 7851	300	1	2	3	4	5	6	2	104	159	0	0	0	0	263
301	Pct 7852	301	1	2	3	4	5	6	2	134	187	0	0	0	0	321
302	Pct 7853	302	1	2	3	4	5	6	2	182	222	0	0	0	0	404
303	Pct 7854	303	1	2	3	4	5	6	2	211	204	0	0	0	0	415
304	Pct 7855	304	1	2	3	4	5	6	2	237	180	0	0	0	0	417
305	Pct 7856	305	1	2	3	4	5	6	2	196	173	0	0	0	0	369
306	Pct 7857	306	1	2	3	4	5	6	2	206	206	0	0	0	0	412
307	Pct 7858	307	1	2	3	4	5	6	2	197	137	0	0	0	0	334
308	Pct 7859	308	1	2	3	4	5	6	2	208	219	0	0	0	0	427
309	Pct 7861	309	1	2	3	4	5	6	2	198	174	0	0	0	0	372
310	Pct 7862	310	1	2	3	4	5	6	2	244	191	0	0	0	0	435
311	Pct 7863	311	1	2	3	4	5	6	2	240	175	0	0	0	0	415
312	Pct 7864	312	1	2	3	4	5	6	2	190	144	0	0	0	0	334
313	Pct 7865	313	1	2	3	4	5	6	2	227	173	0	0	0	0	400
314	Pct 7866	314	1	2	3	4	5	6	2	182	253	0	0	0	0	435
315	Pct 7867	315	1	2	3	4	5	6	2	224	198	0	0	0	0	422
316	Pct 7868	316	1	2	3	4	5	6	2	199	207	0	0	0	0	406
317	Pct 7869	317	1	2	3	4	5	6	2	204	240	0	0	0	0	444
318	Pct 7871	318	1	2	3	4	5	6	2	246	216	0	0	0	0	462
319	Pct 7872	319	1	2	3	4	5	6	2	272	215	0	0	0	0	487
320	Pct 7873	320	1	2	3	4	5	6	2	234	208	0	0	0	0	442
321	Pct 7874	321	1	2	3	4	5	6	2	113	99	0	0	0	0	212
322	Pct 7875	322	1	2	3	4	5	6	2	86	125	0	0	0	0	211
323	Pct 7901	323	1	2	3	4	5	6	2	228	182	0	0	0	0	410
324	Pct 7902	324	1	2	3	4	5	6	2	230	129	0	0	0	0	359
325	Pct 7903	325	1	2	3	4	5	6	2	166	130	0	0	0	0	296
326	Pct 7904	326	1	2	3	4	5	6	2	147	154	0	0	0	0	301
327	Pct 7905	327	1	2	3	4	5	6	2	197	155	0	0	0	0	352
328	Pct 7906	328	1	2	3	4	5	6	2	212	118	0	0	0	0	330
329	Pct 7907	329	1	2	3	4	5	6	2	217	147	0	0	0	0	364
330	Pct 7908	330	1	2	3	4	5	6	2	206	157	0	0	0	0	363
331	Pct 7909	331	1	2	3	4	5	6	2	205	93	0	0	0	0	298
332	Pct 7911	332	1	2	3	4	5	6	2	209	162	0	0	0	0	371
333	Pct 7912	333	1	2	3	4	5	6	2	229	172	0	0	0	0	401
334	Pct 7913	334	1	2	3	4	5	6	2	260	143	0	0	0	0	403
335	Pct 7914	335	1	2	3	4	5	6	2	208	143	0	0	0	0	351
336	Pct 7915	336	1	2	3	4	5	6	2	201	86	0	0	0	0	287
337	Pct 7916	337	1	2	3	4	5	6	2	235	150	0	0	0	0	385
338	Pct 7917	338	1	2	3	4	5	6	2	244	142	0	0	0	0	386
339	Pct 7918	339	1	2	3	4	5	6	2	208	120	0	0	0	0	328
340	Pct 7919	340	1	2	3	4	5	6	2	264	140	0	0	0	0	404
341	Pct 7921	341	1	2	3	4	5	6	2	175	128	0	0	0	0	303
342	Pct 7922	342	1	2	3	4	5	6	2	197	148	0	0	0	0	345
343	Pct 7923	343	1	2	3	4	5	6	2	215	153	0	0	0	0	368
344	Pct 7924	344	1	2	3	4	5	6	2	192	143	0	0	0	0	335
345	Pct 7925	345	1	2	3	4	5	6	2	131	95	0	0	0	0	226
346	Pct 7926	346	1	2	3	4	5	6	2	188	158	0	0	0	0	346
347	Pct 7927	347	1	2	3	4	5	6	2	219	153	0	0	0	0	372
348	Pct 7928	348	1	2	3	4	5	6	2	273	184	0	0	0	0	457
349	Pct 7929	349	1	2	3	4	5	6	2	207	224	0	0	0	0	431
350	Pct 7931	350	1	2	3	4	5	6	2	194	185	0	0	0	0	379
351	Pct 7932	351	1	2	3	4	5	6	2	127	111	0	0	0	0	238
352	Pct 7933 MB	352	1	2	3	4	5	6	2	0	6	0	0	0	0	6
353	Pct 7934	353	1	2	3	4	5	6	2	216	162	0	0	0	0	378
354	Pct 7935	354	1	2	3	4	5	6	2	247	205	0	0	0	0	452
355	Pct 7936	355	1	2	3	4	5	6	2	242	170	0	0	0	0	412
356	Pct 7937	356	1	2	3	4	5	6	2	219	186	0	0	0	0	405
357	Pct 7938	357	1	2	3	4	5	6	2	182	119	0	0	0	0	301
358	Pct 7939	358	1	2	3	4	5	6	2	203	121	0	0	0	0	324
359	Pct 7941	359	1	2	3	4	5	6	2	181	143	0	0	0	0	324
360	Pct 7942	360	1	2	3	4	5	6	2	196	161	0	0	0	0	357
361	Pct 7943	361	1	2	3	4	5	6	2	201	175	0	0	0	0	376
362	Pct 7944	362	1	2	3	4	5	6	2	204	125	0	0	0	0	329
363	Pct 7945	363	1	2	3	4	5	6	2	91	199	0	0	0	0	290
364	Pct 7946	364	1	2	3	4	5	6	2	128	189	0	0	0	0	317
365	Pct 7947	365	1	2	3	4	5	6	2	117	199	0	0	0	0	316
366	Pct 7948	366	1	2	3	4	5	6	2	160	194	0	0	0	0	354
367	Pct 7949	367	1	2	3	4	5	6	2	65	129	0	0	0	0	194
368	Pct 7951	368	1	2	3	4	5	6	2	92	182	0	0	0	0	274
369	Pct 7952	369	1	2	3	4	5	6	2	105	161	0	0	0	0	266
370	Pct 7953	370	1	2	3	4	5	6	2	127	160	0	0	0	0	287
371	Pct 7954 MB	371	1	2	3	4	5	6	2	0	0	0	0	0	0	0
372	Pct 7955	372	1	2	3	4	5	6	2	122	182	0	0	0	0	304
373	Pct 7956	373	1	2	3	4	5	6	2	83	170	0	0	0	0	253
374	Pct 7957	374	1	2	3	4	5	6	2	88	143	0	0	0	0	231
375	Pct 7958 MB	375	1	2	3	4	5	6	2	0	67	0	0	0	0	67
376	Pct 9001 MB	376	1	2	3	4	5	6	2	0	60	0	0	0	0	60
377	Pct 9101	377	1	2	3	4	5	6	2	182	189	0	0	0	0	371
378	Pct 9102	378	1	2	3	4	5	6	2	191	192	0	0	0	0	383
379	Pct 9103	379	1	2	3	4	5	6	2	177	181	0	0	0	0	358
380	Pct 9104	380	1	2	3	4	5	6	2	172	164	0	0	0	0	336
381	Pct 9105	381	1	2	3	4	5	6	2	193	200	0	0	0	0	393
382	Pct 9106	382	1	2	3	4	5	6	2	229	210	0	0	0	0	439
383	Pct 9107	383	1	2	3	4	5	6	2	168	140	0	0	0	0	308
384	Pct 9108	384	1	2	3	4	5	6	2	164	129	0	0	0	0	293
385	Pct 9109	385	1	2	3	4	5	6	2	168	165	0	0	0	0	333
386	Pct 9111	386	1	2	3	4	5	6	2	163	123	0	0	0	0	286
387	Pct 9112	387	1	2	3	4	5	6	2	182	174	0	0	0	0	356
388	Pct 9113	388	1	2	3	4	5	6	2	224	180	0	0	0	0	404
389	Pct 9114	389	1	2	3	4	5	6	2	160	146	0	0	0	0	306
390	Pct 9115	390	1	2	3	4	5	6	2	181	168	0	0	0	0	349
391	Pct 9116	391	1	2	3	4	5	6	2	179	160	0	0	0	0	339
392	Pct 9117	392	1	2	3	4	5	6	2	147	191	0	0	0	0	338
393	Pct 9118	393	1	2	3	4	5	6	2	169	145	0	0	0	0	314
394	Pct 9119	394	1	2	3	4	5	6	2	143	187	0	0	0	0	330
395	Pct 9121	395	1	2	3	4	5	6	2	171	168	0	0	0	0	339
396	Pct 9122	396	1	2	3	4	5	6	2	134	186	0	0	0	0	320
397	Pct 9123	397	1	2	3	4	5	6	2	164	174	0	0	0	0	338
398	Pct 9124	398	1	2	3	4	5	6	2	166	161	0	0	0	0	327
399	Pct 9125	399	1	2	3	4	5	6	2	164	194	0	0	0	0	358
400	Pct 9126	400	1	2	3	4	5	6	2	165	212	0	0	0	0	377
401	Pct 9127	401	1	2	3	4	5	6	2	210	165	0	0	0	0	375
402	Pct 9128	402	1	2	3	4	5	6	2	206	148	0	0	0	0	354
403	Pct 9129	403	1	2	3	4	5	6	2	99	109	0	0	0	0	208
404	Pct 9131	404	1	2	3	4	5	6	2	149	150	0	0	0	0	299
405	Pct 9132	405	1	2	3	4	5	6	2	183	139	0	0	0	0	322
406	Pct 9133	406	1	2	3	4	5	6	2	178	206	0	0	0	0	384
407	Pct 9134	407	1	2	3	4	5	6	2	136	160	0	0	0	0	296
408	Pct 9135	408	1	2	3	4	5	6	2	156	164	0	0	0	0	320
409	Pct 9136	409	1	2	3	4	5	6	2	187	147	0	0	0	0	334
410	Pct 9137	410	1	2	3	4	5	6	2	157	189	0	0	0	0	346
411	Pct 9138	411	1	2	3	4	5	6	2	133	172	0	0	0	0	305
412	Pct 9139	412	1	2	3	4	5	6	2	157	195	0	0	0	0	352
413	Pct 9141	413	1	2	3	4	5	6	2	153	178	0	0	0	0	331
414	Pct 9142	414	1	2	3	4	5	6	2	181	164	0	0	0	0	345
415	Pct 9143	415	1	2	3	4	5	6	2	184	186	0	0	0	0	370
416	Pct 9144	416	1	2	3	4	5	6	2	208	189	0	0	0	0	397
417	Pct 9145	417	1	2	3	4	5	6	2	179	137	0	0	0	0	316
418	Pct 9146	418	1	2	3	4	5	6	2	216	136	0	0	0	0	352
419	Pct 9147	419	1	2	3	4	5	6	2	177	160	0	0	0	0	337
420	Pct 9148	420	1	2	3	4	5	6	2	259	164	0	0	0	0	423
421	Pct 9149	421	1	2	3	4	5	6	2	184	172	0	0	0	0	356
422	Pct 9151	422	1	2	3	4	5	6	2	135	176	0	0	0	0	311
423	Pct 9152	423	1	2	3	4	5	6	2	86	108	0	0	0	0	194
424	Pct 9201	424	1	2	3	4	5	6	2	197	147	0	0	0	0	344
425	Pct 9202	425	1	2	3	4	5	6	2	190	127	0	0	0	0	317
426	Pct 9203	426	1	2	3	4	5	6	2	143	185	0	0	0	0	328
427	Pct 9204	427	1	2	3	4	5	6	2	140	152	0	0	0	0	292
428	Pct 9205	428	1	2	3	4	5	6	2	122	138	0	0	0	0	260
429	Pct 9206	429	1	2	3	4	5	6	2	137	193	0	0	0	0	330
430	Pct 9207	430	1	2	3	4	5	6	2	158	150	0	0	0	0	308
431	Pct 9208	431	1	2	3	4	5	6	2	149	138	0	0	0	0	287
432	Pct 9209	432	1	2	3	4	5	6	2	137	137	0	0	0	0	274
433	Pct 9211	433	1	2	3	4	5	6	2	144	131	0	0	0	0	275
434	Pct 9212	434	1	2	3	4	5	6	2	141	120	0	0	0	0	261
435	Pct 9213	435	1	2	3	4	5	6	2	137	175	0	0	0	0	312
436	Pct 9214	436	1	2	3	4	5	6	2	100	137	0	0	0	0	237
437	Pct 9215	437	1	2	3	4	5	6	2	112	137	0	0	0	0	249
438	Pct 9216	438	1	2	3	4	5	6	2	133	103	0	0	0	0	236
439	Pct 9217	439	1	2	3	4	5	6	2	117	128	0	0	0	0	245
440	Pct 9218	440	1	2	3	4	5	6	2	114	128	0	0	0	0	242
441	Pct 9219	441	1	2	3	4	5	6	2	167	99	0	0	0	0	266
442	Pct 9221	442	1	2	3	4	5	6	2	113	168	0	0	0	0	281
443	Pct 9222	443	1	2	3	4	5	6	2	133	199	0	0	0	0	332
444	Pct 9223	444	1	2	3	4	5	6	2	86	143	0	0	0	0	229
445	Pct 9224	445	1	2	3	4	5	6	2	174	201	0	0	0	0	375
446	Pct 9225	446	1	2	3	4	5	6	2	173	125	0	0	0	0	298
447	Pct 9226	447	1	2	3	4	5	6	2	153	193	0	0	0	0	346
448	Pct 9227	448	1	2	3	4	5	6	2	130	182	0	0	0	0	312
449	Pct 9228	449	1	2	3	4	5	6	2	161	164	0	0	0	0	325
450	Pct 9229	450	1	2	3	4	5	6	2	124	147	0	0	0	0	271
451	Pct 9231	451	1	2	3	4	5	6	2	261	173	0	0	0	0	434
452	Pct 9232	452	1	2	3	4	5	6	2	156	134	0	0	0	0	290
453	Pct 9233	453	1	2	3	4	5	6	2	137	169	0	0	0	0	306
454	Pct 9234	454	1	2	3	4	5	6	2	121	170	0	0	0	0	291
455	Pct 9235	455	1	2	3	4	5	6	2	159	187	0	0	0	0	346
456	Pct 9236	456	1	2	3	4	5	6	2	127	143	0	0	0	0	270
457	Pct 9237	457	1	2	3	4	5	6	2	141	167	0	0	0	0	308
458	Pct 9238	458	1	2	3	4	5	6	2	135	177	0	0	0	0	312
459	Pct 9239	459	1	2	3	4	5	6	2	135	214	0	0	0	0	349
460	Pct 9241	460	1	2	3	4	5	6	2	163	202	0	0	0	0	365
461	Pct 9242	461	1	2	3	4	5	6	2	165	173	0	0	0	0	338
462	Pct 9243	462	1	2	3	4	5	6	2	128	111	0	0	0	0	239
463	Pct 9244	463	1	2	3	4	5	6	2	173	139	0	0	0	0	312
464	Pct 9245	464	1	2	3	4	5	6	2	137	120	0	0	0	0	257
465	Pct 9246	465	1	2	3	4	5	6	2	168	192	0	0	0	0	360
466	Pct 9247	466	1	2	3	4	5	6	2	177	200	0	0	0	0	377
467	Pct 9248	467	1	2	3	4	5	6	2	153	176	0	0	0	0	329
468	Pct 9249	468	1	2	3	4	5	6	2	184	194	0	0	0	0	378
469	Pct 9251	469	1	2	3	4	5	6	2	190	194	0	0	0	0	384
470	Pct 9252	470	1	2	3	4	5	6	2	144	192	0	0	0	0	336
471	Pct 9253	471	1	2	3	4	5	6	2	145	148	0	0	0	0	293
472	Pct 9254	472	1	2	3	4	5	6	2	188	203	0	0	0	0	391
473	Pct 9255	473	1	2	3	4	5	6	2	112	86	0	0	0	0	198
474	Pct 9256	474	1	2	3	4	5	6	2	66	53	0	0	0	0	119
475	Pct 9257 MB	475	1	2	3	4	5	6	2	0	72	0	0	0	0	72
476	Pct 9258	476	1	2	3	4	5	6	2	118	158	0	0	0	0	276
477	Pct 9401	477	1	2	3	4	5	6	2	213	148	0	0	0	0	361
478	Pct 9402	478	1	2	3	4	5	6	2	192	168	0	0	0	0	360
479	Pct 9403	479	1	2	3	4	5	6	2	158	167	0	0	0	0	325
480	Pct 9404	480	1	2	3	4	5	6	2	138	139	0	0	0	0	277
481	Pct 9405	481	1	2	3	4	5	6	2	181	154	0	0	0	0	335
482	Pct 9406	482	1	2	3	4	5	6	2	172	145	0	0	0	0	317
483	Pct 9407	483	1	2	3	4	5	6	2	184	142	0	0	0	0	326
484	Pct 9408	484	1	2	3	4	5	6	2	177	126	0	0	0	0	303
485	Pct 9409	485	1	2	3	4	5	6	2	150	96	0	0	0	0	246
486	Pct 9411	486	1	2	3	4	5	6	2	204	162	0	0	0	0	366
487	Pct 9412	487	1	2	3	4	5	6	2	188	161	0	0	0	0	349
488	Pct 9413	488	1	2	3	4	5	6	2	156	160	0	0	0	0	316
489	Pct 9414	489	1	2	3	4	5	6	2	140	185	0	0	0	0	325
490	Pct 9415	490	1	2	3	4	5	6	2	133	151	0	0	0	0	284
491	Pct 9416	491	1	2	3	4	5	6	2	194	171	0	0	0	0	365
492	Pct 9417	492	1	2	3	4	5	6	2	106	146	0	0	0	0	252
493	Pct 9418	493	1	2	3	4	5	6	2	135	161	0	0	0	0	296
494	Pct 9419	494	1	2	3	4	5	6	2	130	206	0	0	0	0	336
495	Pct 9421	495	1	2	3	4	5	6	2	123	176	0	0	0	0	299
496	Pct 9422	496	1	2	3	4	5	6	2	224	194	0	0	0	0	418
497	Pct 9423	497	1	2	3	4	5	6	2	138	155	0	0	0	0	293
498	Pct 9424	498	1	2	3	4	5	6	2	142	170	0	0	0	0	312
499	Pct 9425	499	1	2	3	4	5	6	2	131	182	0	0	0	0	313
500	Pct 9426	500	1	2	3	4	5	6	2	121	144	0	0	0	0	265
501	Pct 9427	501	1	2	3	4	5	6	2	128	188	0	0	0	0	316
502	Pct 9428	502	1	2	3	4	5	6	2	112	202	0	0	0	0	314
503	Pct 9429	503	1	2	3	4	5	6	2	174	158	0	0	0	0	332
504	Pct 9431	504	1	2	3	4	5	6	2	152	207	0	0	0	0	359
505	Pct 9432	505	1	2	3	4	5	6	2	157	163	0	0	0	0	320
506	Pct 9433	506	1	2	3	4	5	6	2	143	187	0	0	0	0	330
507	Pct 9434	507	1	2	3	4	5	6	2	175	204	0	0	0	0	379
508	Pct 9435	508	1	2	3	4	5	6	2	175	176	0	0	0	0	351
509	Pct 9436	509	1	2	3	4	5	6	2	154	200	0	0	0	0	354
510	Pct 9437	510	1	2	3	4	5	6	2	141	198	0	0	0	0	339
511	Pct 9438	511	1	2	3	4	5	6	2	134	207	0	0	0	0	341
512	Pct 9439	512	1	2	3	4	5	6	2	135	172	0	0	0	0	307
513	Pct 9441	513	1	2	3	4	5	6	2	154	195	0	0	0	0	349
514	Pct 9442	514	1	2	3	4	5	6	2	167	185	0	0	0	0	352
515	Pct 9443	515	1	2	3	4	5	6	2	161	148	0	0	0	0	309
516	Pct 9444	516	1	2	3	4	5	6	2	107	161	0	0	0	0	268
517	Pct 9445	517	1	2	3	4	5	6	2	170	198	0	0	0	0	368
518	Pct 9446	518	1	2	3	4	5	6	2	182	209	0	0	0	0	391
519	Pct 9447	519	1	2	3	4	5	6	2	144	180	0	0	0	0	324
520	Pct 9448	520	1	2	3	4	5	6	2	139	174	0	0	0	0	313
521	Pct 9449	521	1	2	3	4	5	6	2	93	160	0	0	0	0	253
522	Pct 9451	522	1	2	3	4	5	6	2	75	93	0	0	0	0	168
523	Pct 9452	523	1	2	3	4	5	6	2	174	131	0	0	0	0	305
524	Pct 9453	524	1	2	3	4	5	6	2	84	102	0	0	0	0	186
525	Pct 9501 MB	525	1	2	3	4	5	6	2	0	42	0	0	0	0	42
526	Pct 9502 MB	526	1	2	3	4	5	6	2	0	65	0	0	0	0	65
527	Pct 9503/9504	527	1	2	3	4	5	6	2	103	125	0	0	0	0	228
528	Pct 9505	528	1	2	3	4	5	6	2	125	128	0	0	0	0	253
529	Pct 9506	529	1	2	3	4	5	6	2	125	105	0	0	0	0	230
530	Pct 9507	530	1	2	3	4	5	6	2	164	143	0	0	0	0	307
531	Pct 9508	531	1	2	3	4	5	6	2	187	120	0	0	0	0	307
532	Pct 9509	532	1	2	3	4	5	6	2	139	115	0	0	0	0	254
533	Pct 9511	533	1	2	3	4	5	6	2	143	78	0	0	0	0	221
534	Pct 9512	534	1	2	3	4	5	6	2	154	145	0	0	0	0	299
535	Pct 9513	535	1	2	3	4	5	6	2	180	120	0	0	0	0	300
536	Pct 9514/9522	536	1	2	3	4	5	6	2	236	153	0	0	0	0	389
537	Pct 9515	537	1	2	3	4	5	6	2	193	118	0	0	0	0	311
538	Pct 9516	538	1	2	3	4	5	6	2	193	158	0	0	0	0	351
539	Pct 9517	539	1	2	3	4	5	6	2	176	172	0	0	0	0	348
540	Pct 9518	540	1	2	3	4	5	6	2	182	146	0	0	0	0	328
541	Pct 9519	541	1	2	3	4	5	6	2	211	164	0	0	0	0	375
542	Pct 9521	542	1	2	3	4	5	6	2	237	157	0	0	0	0	394
543	Pct 9701	543	1	2	3	4	5	6	2	164	126	0	0	0	0	290
544	Pct 9702	544	1	2	3	4	5	6	2	184	114	0	0	0	0	298
545	Pct 9703	545	1	2	3	4	5	6	2	166	200	0	0	0	0	366
546	Pct 9704	546	1	2	3	4	5	6	2	225	192	0	0	0	0	417
547	Pct 9705	547	1	2	3	4	5	6	2	237	154	0	0	0	0	391
548	Pct 9706 MB	548	1	2	3	4	5	6	2	0	11	0	0	0	0	11
549	Pct 9707	549	1	2	3	4	5	6	2	126	169	0	0	0	0	295
550	Pct 9708	550	1	2	3	4	5	6	2	212	188	0	0	0	0	400
551	Pct 9709	551	1	2	3	4	5	6	2	179	194	0	0	0	0	373
552	Pct 9711	552	1	2	3	4	5	6	2	148	180	0	0	0	0	328
553	Pct 9712	553	1	2	3	4	5	6	2	133	163	0	0	0	0	296
554	Pct 9713	554	1	2	3	4	5	6	2	134	200	0	0	0	0	334
555	Pct 9714	555	1	2	3	4	5	6	2	170	253	0	0	0	0	423
556	Pct 9715	556	1	2	3	4	5	6	2	166	110	0	0	0	0	276
557	Pct 9716	557	1	2	3	4	5	6	2	166	208	0	0	0	0	374
558	Pct 9717	558	1	2	3	4	5	6	2	187	211	0	0	0	0	398
559	Pct 9718	559	1	2	3	4	5	6	2	189	215	0	0	0	0	404
560	Pct 9719	560	1	2	3	4	5	6	2	187	187	0	0	0	0	374
561	Pct 9721	561	1	2	3	4	5	6	2	164	137	0	0	0	0	301
562	Pct 9722	562	1	2	3	4	5	6	2	97	178	0	0	0	0	275
563	Pct 9723	563	1	2	3	4	5	6	2	52	147	0	0	0	0	199
564	Pct 9724	564	1	2	3	4	5	6	2	131	209	0	0	0	0	340
565	Pct 9725	565	1	2	3	4	5	6	2	140	205	0	0	0	0	345
566	Pct 9726	566	1	2	3	4	5	6	2	118	117	0	0	0	0	235
567	Pct 9727	567	1	2	3	4	5	6	2	60	120	0	0	0	0	180
568	Pct 9728	568	1	2	3	4	5	6	2	164	223	0	0	0	0	387
569	Pct 9729	569	1	2	3	4	5	6	2	142	209	0	0	0	0	351
570	Pct 9731	570	1	2	3	4	5	6	2	135	108	0	0	0	0	243
571	Pct 9732 MB	571	1	2	3	4	5	6	2	0	29	0	0	0	0	29
572	Pct 9733 MB	572	1	2	3	4	5	6	2	0	90	0	0	0	0	90
573	Pct 9734	573	1	2	3	4	5	6	2	128	139	0	0	0	0	267
574	Pct 9735	574	1	2	3	4	5	6	2	144	210	0	0	0	0	354
575	Pct 9736	575	1	2	3	4	5	6	2	136	179	0	0	0	0	315
576	Pct 9737	576	1	2	3	4	5	6	2	156	229	0	0	0	0	385
577	Pct 9738	577	1	2	3	4	5	6	2	137	165	0	0	0	0	302
578	Pct 9739	578	1	2	3	4	5	6	2	132	125	0	0	0	0	257
579	Pct 9741	579	1	2	3	4	5	6	2	40	29	0	0	0	0	69
580	Pct 9742	580	1	2	3	4	5	6	2	101	126	0	0	0	0	227
581	Pct 9743	581	1	2	3	4	5	6	2	162	209	0	0	0	0	371
582	Pct 9744	582	1	2	3	4	5	6	2	153	152	0	0	0	0	305
583	Pct 9745	583	1	2	3	4	5	6	2	136	141	0	0	0	0	277
584	Pct 9746	584	1	2	3	4	5	6	2	184	216	0	0	0	0	400
585	Pct 9747	585	1	2	3	4	5	6	2	192	193	0	0	0	0	385
586	Pct 9748	586	1	2	3	4	5	6	2	162	209	0	0	0	0	371
587	Pct 9749	587	1	2	3	4	5	6	2	136	159	0	0	0	0	295
588	Pct 9751	588	1	2	3	4	5	6	2	173	241	0	0	0	0	414
589	Pct 9752	589	1	2	3	4	5	6	2	144	185	0	0	0	0	329
590	Pct 9753	590	1	2	3	4	5	6	2	115	171	0	0	0	0	286
591	Pct 9754	591	1	2	3	4	5	6	2	141	168	0	0	0	0	309
592	Pct 9755	592	1	2	3	4	5	6	2	118	118	0	0	0	0	236
593	Pct 9756	593	1	2	3	4	5	6	2	122	192	0	0	0	0	314
594	Pct 9801	594	1	2	3	4	5	6	2	72	93	0	0	0	0	165
595	Pct 9900 MB	595	1	2	3	4	5	6	2	0	0	0	0	0	0	0
596	Pct 9901 MB	596	1	2	3	4	5	6	2	0	0	0	0	0	0	0
597	Pct 9902 MB	597	1	2	3	4	5	6	2	0	0	0	0	0	0	0
